90
18 95
12 15 15 14 15 9 15 11 7 16 15 17 17 9 4 3 8 4 9 3 4 2 7 10 5 13 17 10 9 11 13 11 1 4 17 5 15 11 1 13 8 14 9 14 10 10 17 18 13 7 11 10 8 2 9 7 1 12 14 13 8 16 6 12 2 13 8 4 6 11 14 7 16 16 12 8 16 5 16 6 3 13 14 16 3 2 2 12 9 4 14 3 12 2 8 
78 90
54 46 8 30 9 69 21 39 18 3 51 7 69 20 58 63 8 47 34 30 42 5 56 30 12 38 61 61 38 58 19 33 56 26 28 60 62 7 22 5 67 30 58 12 57 67 65 26 26 61 13 21 15 24 26 21 10 49 69 13 41 29 58 45 23 59 35 70 17 67 66 43 73 74 20 63 22 67 66 55 57 42 7 51 57 28 67 47 43 39 
16 59
10 11 16 8 2 2 6 6 10 11 2 13 13 15 11 7 14 4 9 15 10 12 1 13 10 2 2 13 16 16 14 1 16 5 3 15 8 11 6 4 9 4 10 5 2 12 11 13 8 10 13 11 6 11 1 9 1 5 11 
86 43
67 76 19 73 8 2 17 8 21 57 40 15 68 46 73 1 30 22 25 45 77 72 2 12 55 82 44 18 58 19 57 24 48 47 62 46 68 75 65 45 2 11 44 
23 46
7 9 2 23 10 22 1 12 23 5 2 4 10 2 7 9 23 3 22 15 23 10 5 8 2 9 10 10 7 13 17 2 19 4 8 8 16 6 15 20 18 9 15 9 15 17 
18 25
8 8 17 13 8 5 9 8 7 17 7 10 13 1 14 9 15 16 11 14 8 12 17 14 5 
73 49
59 13 35 21 65 17 48 30 13 56 52 69 30 37 5 33 39 26 64 4 11 21 9 14 43 20 23 73 14 17 18 11 65 29 25 32 39 11 72 12 31 43 33 38 38 19 43 3 66 
76 91
16 28 73 65 46 56 16 19 39 68 16 20 34 27 52 31 30 17 63 2 34 20 32 61 45 36 36 23 53 36 50 73 37 10 41 7 67 52 26 68 64 45 21 28 74 47 53 76 40 74 57 23 37 31 53 33 57 75 61 25 50 7 68 76 64 2 9 76 66 23 66 67 26 29 55 46 33 17 29 25 55 23 58 36 72 40 44 35 38 47 60 
26 17
13 7 21 21 11 21 17 10 5 4 3 26 17 18 19 10 12 
50 40
5 13 38 18 20 5 36 50 19 47 31 11 8 37 33 34 40 41 36 8 45 15 39 26 15 35 29 46 25 10 5 17 36 25 14 8 50 8 15 38 
61 27
33 10 59 37 58 31 27 14 32 19 57 5 8 29 16 41 29 24 19 40 1 33 59 44 37 18 28 
69 65
49 2 60 56 43 69 24 68 62 23 17 20 1 37 67 46 64 20 4 39 69 13 30 25 39 35 17 68 64 19 65 16 16 20 30 10 58 44 16 65 52 47 44 21 44 8 2 52 14 55 12 63 34 57 62 42 62 46 3 12 26 47 67 20 40 
95 88
5 33 75 1 43 83 74 84 94 33 28 17 44 48 63 67 61 31 44 40 94 41 59 23 50 12 44 18 37 56 82 45 22 40 9 50 74 58 48 16 2 70 75 58 21 67 42 24 55 60 15 89 64 7 28 79 71 32 30 51 28 1 60 53 58 2 19 1 52 4 74 27 83 55 89 43 89 91 73 65 55 92 80 27 85 6 9 11 
75 71
12 36 41 61 43 2 3 19 1 31 52 5 15 23 12 38 27 60 10 4 42 64 4 44 11 7 67 46 5 18 65 25 30 61 68 67 35 62 45 55 29 27 40 54 65 59 43 18 51 34 2 37 49 24 14 49 36 61 24 15 30 39 6 73 22 51 52 33 27 23 14 
60 84
60 29 44 30 47 17 58 4 25 58 3 43 2 15 43 3 19 28 11 23 26 59 38 21 41 26 6 1 42 6 22 49 43 28 45 47 46 39 25 36 16 6 47 56 19 44 14 54 39 4 19 32 25 32 31 48 45 2 13 35 57 56 3 55 54 43 51 51 20 46 25 36 15 1 47 17 33 43 11 31 34 38 55 20 
43 32
27 29 32 5 10 9 4 41 27 18 24 36 33 41 14 9 14 40 33 31 20 27 8 25 1 14 41 31 15 43 1 10 
88 52
33 16 33 42 4 61 55 49 15 4 33 35 41 14 32 77 2 76 44 75 56 36 20 33 59 13 7 22 48 64 50 69 87 70 32 73 85 1 41 81 51 33 44 30 39 18 54 69 54 9 46 44 
60 61
51 38 41 2 10 5 21 32 1 15 51 43 11 26 1 29 46 6 35 52 48 52 36 52 14 52 41 29 21 51 19 50 59 54 52 25 46 48 12 54 22 33 16 10 32 6 36 7 45 39 43 1 8 49 16 38 17 31 29 55 44 
24 53
8 11 1 19 23 1 3 16 24 16 6 24 11 9 11 14 16 9 20 22 12 19 6 14 13 5 11 23 18 15 11 2 22 16 15 15 2 18 12 14 5 2 7 23 13 19 9 10 18 5 1 22 24 
82 82
47 76 65 36 55 24 56 34 51 80 26 25 8 81 21 72 76 49 42 47 10 26 4 76 8 70 60 22 60 37 65 68 36 36 73 68 30 64 9 59 8 60 66 43 21 26 44 62 79 79 4 47 8 48 43 70 29 24 2 63 37 55 37 80 69 6 12 50 11 62 73 39 52 27 34 61 80 40 4 32 80 74 
47 63
8 5 6 19 19 36 22 11 21 31 36 35 6 47 36 18 25 3 16 11 1 34 24 46 31 31 44 40 19 32 32 23 44 22 11 46 39 39 9 5 21 36 17 47 17 44 25 13 47 45 30 37 13 29 19 24 18 12 8 11 33 44 37 
99 79
30 45 44 44 13 86 66 61 78 64 43 46 27 31 55 78 26 92 72 85 78 32 54 15 47 6 54 69 89 98 99 41 21 98 70 4 35 10 74 39 33 82 17 74 28 31 25 15 81 35 36 18 76 8 19 53 4 77 72 68 47 54 73 97 82 44 59 16 79 69 11 74 32 2 76 30 57 10 92 
74 43
30 27 9 36 14 33 8 19 22 29 16 22 29 49 16 38 22 25 33 65 7 56 20 44 36 34 66 52 15 15 38 67 3 38 45 30 19 50 36 57 19 6 29 
60 85
8 38 16 56 14 39 19 7 33 45 13 41 17 34 46 16 58 11 37 5 51 29 29 9 51 55 44 25 29 40 48 43 10 44 53 25 53 30 53 54 40 25 3 54 22 23 2 24 22 2 53 52 44 14 19 25 47 23 6 38 60 35 15 29 24 42 4 17 36 20 34 45 56 47 11 53 23 44 38 45 27 40 33 46 9 
72 46
60 13 12 60 36 68 3 5 60 14 36 13 60 30 28 39 68 9 49 65 56 72 10 4 26 6 20 6 22 62 71 47 32 8 29 51 2 19 15 60 71 27 61 8 32 23 
7 62
3 3 1 4 7 2 1 2 1 4 6 7 1 7 4 3 2 7 3 5 4 6 6 3 1 6 1 3 5 2 2 5 7 6 1 6 4 7 7 3 3 7 3 4 6 2 5 1 1 7 5 3 7 7 1 6 3 7 2 4 2 6 
28 13
13 25 22 12 24 16 11 4 20 26 9 9 12 
62 43
10 59 11 54 4 51 32 37 40 60 41 56 27 34 16 40 6 39 61 40 55 41 2 7 2 40 43 62 53 54 29 39 48 44 34 4 9 17 17 9 53 30 25 
47 31
7 43 1 27 39 5 18 18 19 29 27 33 29 47 42 45 9 16 17 40 18 15 27 3 26 18 18 37 7 12 13 
63 36
30 27 16 18 26 52 22 23 48 45 34 27 33 46 12 57 31 18 28 6 14 32 41 47 24 39 55 24 10 1 5 1 46 17 37 27 
36 99
6 17 13 4 15 8 24 14 3 21 19 32 16 10 2 4 2 14 35 23 18 13 12 34 6 7 17 34 12 12 32 35 4 2 30 3 33 1 27 7 13 21 15 28 18 33 12 14 33 31 21 30 30 19 3 32 32 10 2 19 31 2 11 30 6 22 16 16 12 33 35 18 1 3 13 20 22 24 28 6 30 14 10 31 8 24 34 29 26 19 15 17 14 2 13 4 27 30 6 
62 21
46 62 2 48 55 47 14 49 45 47 17 55 48 45 8 34 33 31 7 28 6 
76 44
10 6 35 37 62 61 60 12 16 47 67 22 60 72 29 43 64 24 41 8 52 61 23 63 24 8 21 29 74 41 18 15 53 48 71 72 73 56 71 51 76 6 16 70 
98 76
4 98 47 34 86 1 4 95 44 64 19 42 27 9 63 83 73 69 20 19 53 89 30 73 1 20 72 40 29 49 77 57 2 25 32 67 15 83 63 77 76 58 44 82 28 35 51 7 5 36 60 3 43 96 83 36 97 23 76 59 54 11 69 60 95 58 34 78 77 38 7 43 58 36 51 18 
33 9
3 2 24 14 30 9 8 13 32 
70 92
65 36 5 6 39 2 53 57 15 50 52 8 34 30 19 18 51 10 20 44 52 14 37 40 40 14 56 11 18 38 64 2 23 10 57 6 52 7 44 62 1 8 11 6 9 58 30 67 49 64 35 44 65 54 16 58 54 6 59 56 22 68 2 64 54 27 24 29 58 12 8 50 41 62 41 24 15 19 24 35 58 56 46 38 41 20 41 19 50 16 61 60 
72 1
34 
41 77
8 24 17 34 25 7 5 29 4 7 2 9 34 31 36 41 2 39 5 17 28 6 15 11 41 28 25 12 22 35 29 10 41 34 5 2 16 23 30 5 9 1 3 29 39 3 38 6 10 26 26 41 22 36 30 17 25 35 35 20 25 12 13 32 30 22 11 26 41 2 34 5 27 6 31 26 33 
74 92
47 28 3 6 33 40 2 72 33 60 38 36 54 8 55 1 70 1 38 67 19 29 26 12 42 11 44 44 19 27 28 32 14 49 26 41 6 3 1 49 49 52 50 49 74 12 8 46 31 69 51 54 13 66 15 31 12 13 61 67 59 33 71 49 20 12 48 68 14 47 3 56 73 7 9 66 27 63 44 10 70 71 27 24 3 23 68 25 14 63 6 36 
58 22
24 41 49 40 39 25 34 19 44 20 4 16 26 39 20 46 48 5 2 8 8 7 
87 42
41 55 30 83 65 24 51 72 6 83 57 5 27 17 18 33 13 23 59 44 5 3 79 60 84 25 85 86 86 73 16 38 19 58 61 71 50 45 54 75 26 50 
28 59
18 28 15 17 22 1 4 20 26 27 15 16 21 23 17 8 6 6 9 16 11 9 9 27 6 24 11 25 4 21 28 13 16 24 10 19 27 1 5 8 15 20 5 26 20 28 14 8 13 18 19 9 26 17 4 5 1 13 21 
75 32
13 70 12 55 49 71 15 29 36 10 39 30 12 8 1 49 41 54 50 74 18 1 50 40 56 26 20 59 6 35 22 37 
70 32
28 21 24 70 3 17 12 48 29 10 22 38 21 31 30 21 26 22 23 17 55 5 45 10 29 11 14 27 48 13 43 22 
84 39
74 58 30 61 34 62 17 74 49 79 52 28 83 61 79 36 16 56 21 39 76 42 17 72 46 15 30 17 72 54 84 76 6 50 7 1 78 4 74 
96 69
53 75 22 42 91 45 41 8 22 56 69 31 76 41 83 33 3 25 4 33 93 34 67 96 24 30 31 28 81 96 18 61 25 38 65 46 38 14 73 56 55 13 27 93 56 7 21 15 14 47 11 43 62 84 82 88 4 31 80 83 73 27 29 17 96 47 3 40 36 
30 87
18 9 19 26 10 6 24 29 14 16 22 14 18 19 21 14 6 26 1 12 25 4 1 28 3 24 3 19 21 1 23 6 11 13 25 12 11 8 7 19 13 2 28 10 16 30 3 17 13 19 25 13 10 13 7 30 7 2 21 19 6 27 20 28 24 27 9 1 19 11 23 3 17 10 18 13 30 17 5 18 12 6 18 15 9 8 18 
38 41
27 1 18 22 2 36 8 13 29 23 24 27 11 25 37 10 7 10 24 17 29 21 29 16 22 18 17 35 22 36 9 13 18 8 37 37 25 9 2 9 31 
34 24
3 14 8 21 20 26 16 21 33 19 19 20 23 6 28 26 9 33 2 3 34 30 16 12 
15 65
2 7 7 3 1 10 9 8 2 5 4 15 3 3 12 2 5 15 3 12 4 12 11 6 1 10 5 10 10 10 5 15 3 10 2 3 2 3 15 9 4 12 9 8 2 7 7 12 7 14 8 10 4 9 14 9 10 8 6 8 14 12 15 4 12 
81 51
14 64 80 9 2 62 76 33 75 50 48 31 14 58 13 64 33 54 76 6 21 50 78 17 7 50 12 48 52 36 59 65 25 47 68 12 57 80 53 61 17 19 45 25 24 12 21 30 17 20 78 
13 63
2 13 10 7 9 4 1 13 7 8 11 9 4 8 13 2 1 12 13 5 3 6 10 4 8 7 12 11 2 7 7 12 7 13 7 8 1 5 8 6 11 13 6 1 2 5 9 12 2 8 9 9 5 6 4 9 2 8 11 11 9 6 3 
51 47
14 24 40 24 27 3 34 40 30 23 50 14 38 40 6 4 50 30 37 51 37 51 46 11 26 20 11 40 26 42 30 34 27 38 1 42 51 38 46 42 40 34 22 12 8 8 22 
83 32
40 14 14 51 2 46 52 56 21 8 9 24 68 6 82 1 47 24 38 27 76 2 61 73 23 72 49 50 62 22 56 28 
20 17
11 3 7 7 15 18 3 1 1 6 13 2 2 3 10 4 20 
67 19
64 17 26 58 57 18 67 67 36 17 39 13 20 58 18 22 3 31 25 
20 29
2 20 14 20 5 12 3 9 1 14 12 3 7 16 6 10 14 10 4 4 17 1 7 12 3 12 7 18 16 
62 35
43 55 49 39 47 45 46 19 56 33 27 56 1 7 46 29 28 49 7 22 41 30 27 12 52 11 36 13 62 25 30 1 6 38 8 
72 3
22 43 36 
98 89
32 42 14 59 1 6 43 63 7 35 90 84 93 65 24 36 22 32 67 52 77 53 18 54 74 12 98 58 11 4 24 96 33 28 22 77 34 8 96 35 42 1 95 60 5 41 59 98 56 72 86 76 62 49 69 24 5 89 60 36 79 32 63 34 1 10 1 61 42 92 85 14 10 97 57 75 70 53 37 90 13 12 19 34 93 14 42 31 78 
36 67
21 10 4 8 9 24 6 31 2 32 30 17 36 30 29 27 25 18 2 30 27 22 4 21 29 4 31 1 30 3 21 12 27 2 19 4 25 6 14 29 26 25 21 36 32 20 7 24 32 22 14 12 10 34 33 16 4 8 24 14 3 36 18 5 18 31 11 
62 93
42 12 36 2 37 52 44 55 49 16 61 16 49 13 40 32 7 15 61 21 6 35 20 36 30 46 1 13 34 35 50 3 14 12 30 28 53 8 51 46 20 25 49 46 22 41 8 46 3 61 33 3 55 57 35 4 20 40 28 11 34 22 24 27 48 54 58 58 15 3 5 53 58 29 35 15 52 15 46 10 23 62 29 2 23 43 43 13 40 13 13 57 15 
22 50
8 16 1 9 15 11 19 20 20 19 8 12 15 14 8 22 5 22 3 6 12 19 20 1 11 11 21 20 2 15 19 16 15 18 6 7 12 15 9 18 22 22 20 19 7 20 20 9 19 9 
74 60
48 73 62 45 42 2 21 61 35 68 68 12 17 29 61 54 15 10 47 26 64 62 71 20 64 55 22 59 9 21 17 73 11 30 52 58 36 21 13 19 2 35 62 63 19 36 65 16 53 20 28 32 34 69 12 10 9 60 10 56 
62 10
60 43 29 36 17 25 46 58 34 23 
84 96
48 4 58 26 57 26 4 27 59 39 12 4 68 72 67 74 52 66 79 68 69 69 68 39 75 74 43 8 47 73 33 20 15 72 15 24 11 57 27 83 51 68 51 57 53 80 18 7 52 23 52 36 76 84 82 15 48 33 10 84 28 34 78 57 43 75 52 33 27 14 59 46 22 27 6 51 7 29 33 60 16 45 14 38 67 58 24 48 35 16 22 32 45 48 57 27 
38 30
38 1 6 27 22 2 9 11 28 9 14 38 11 20 36 25 9 20 35 2 19 8 16 21 32 20 34 34 29 37 
70 82
54 26 14 27 46 54 31 22 19 64 29 55 23 46 32 36 8 27 36 2 54 51 63 43 13 3 56 20 56 15 23 70 44 31 26 54 46 46 12 13 47 48 19 51 38 21 69 7 65 3 60 38 6 4 22 34 1 57 20 29 31 28 64 9 66 58 69 22 20 41 35 19 47 17 5 7 37 29 8 10 11 9 
48 12
35 46 44 45 36 25 32 14 4 35 19 38 
87 52
74 72 75 72 1 13 56 87 15 41 66 77 70 53 48 30 83 7 79 52 56 56 50 45 73 79 21 60 23 63 43 66 85 84 86 46 50 32 43 70 11 80 29 10 30 57 80 55 50 50 47 15 
54 2
45 29 
57 95
21 7 14 18 16 17 34 12 47 1 4 50 38 56 44 31 7 25 22 26 35 37 48 18 54 6 44 2 51 51 5 6 8 28 40 30 26 1 49 27 29 55 38 48 25 18 52 22 12 38 16 10 50 34 21 22 53 34 27 46 45 38 51 57 18 22 57 12 18 27 28 20 40 6 47 19 40 1 57 50 44 41 15 39 9 46 30 8 15 2 57 31 30 42 45 
64 40
17 29 54 26 64 1 34 29 62 2 36 22 31 13 55 42 45 44 46 36 13 1 51 20 56 27 55 10 6 24 52 32 29 3 32 2 48 36 15 34 
63 85
48 2 63 4 27 30 36 5 15 37 1 44 46 19 37 39 60 62 25 18 23 57 58 27 13 8 20 6 52 8 58 13 14 41 27 58 20 44 33 5 25 55 58 48 24 34 2 30 60 1 63 25 30 60 12 9 59 40 36 40 59 40 1 57 23 3 61 55 30 54 60 33 18 36 1 42 47 21 41 3 56 56 37 40 59 
58 63
45 6 57 6 41 3 13 30 43 17 23 33 1 21 54 14 34 27 31 21 3 39 32 8 57 10 48 48 35 6 29 37 17 24 55 47 1 54 26 49 20 30 48 29 10 16 12 16 19 35 31 53 40 25 55 24 39 48 25 31 45 12 55 
21 90
13 20 14 7 5 12 12 15 9 11 16 9 8 8 7 12 20 10 16 11 20 13 10 5 20 15 6 4 10 4 15 5 3 12 5 1 9 3 1 16 12 14 9 9 15 19 19 21 14 13 6 18 3 7 6 12 5 16 1 3 13 16 12 15 15 5 6 3 15 12 5 20 2 3 7 8 16 8 13 1 2 16 6 19 17 12 15 11 13 3 
57 89
50 25 42 43 30 30 40 22 4 20 16 19 9 27 9 28 19 23 9 34 21 21 54 47 37 31 49 30 57 53 15 18 53 35 36 8 11 55 54 48 1 32 15 15 49 55 30 56 57 37 48 18 9 36 11 35 11 56 32 44 42 25 24 54 34 4 1 43 55 21 9 26 49 36 34 28 1 36 1 2 5 24 51 50 31 49 34 38 4 
74 48
11 23 9 66 18 46 11 6 50 33 43 63 37 21 27 61 70 25 59 64 54 19 14 68 14 39 3 5 59 27 62 16 52 70 57 16 38 67 15 58 64 22 23 12 10 13 64 13 
38 76
30 22 28 12 24 29 30 31 22 19 7 18 32 7 30 27 30 4 15 4 25 27 17 11 31 2 11 2 34 7 18 29 10 1 12 16 6 1 19 32 15 8 32 19 18 24 5 11 30 21 29 14 12 18 29 30 23 17 1 18 13 24 8 22 8 24 3 15 1 13 29 10 26 20 17 34 
56 92
16 11 38 30 23 22 45 40 38 49 23 15 16 29 14 2 40 34 8 17 25 53 43 45 8 22 3 19 48 14 49 36 24 52 45 33 37 46 50 36 36 51 34 21 43 47 37 38 25 5 44 47 37 4 25 8 1 31 41 40 40 6 26 11 4 33 14 47 26 56 4 26 34 45 55 28 23 55 15 36 46 43 24 19 47 29 56 37 10 14 45 5 
10 37
6 1 4 7 1 7 2 7 4 3 2 8 6 9 3 5 5 4 5 10 8 8 10 9 4 3 8 8 5 8 7 8 1 2 8 1 7 
26 5
22 24 12 4 10 
74 25
39 72 46 60 72 31 12 32 61 58 58 16 67 35 45 20 5 13 24 58 47 23 10 46 10 
18 16
3 12 16 10 2 1 9 10 3 10 18 6 15 15 18 7 
80 60
51 37 59 24 32 2 8 19 32 61 60 34 34 5 44 76 23 2 80 35 32 10 1 40 32 51 53 1 27 78 66 58 54 46 29 40 34 59 79 79 3 72 21 76 61 49 32 53 45 1 35 76 80 6 66 33 66 19 30 77 
3 6
1 1 2 1 1 3 
64 60
34 38 64 28 16 63 28 18 32 63 13 24 24 7 58 14 57 42 10 54 10 59 28 27 59 36 1 24 1 17 2 25 53 53 56 47 15 60 32 31 37 52 3 48 2 60 20 39 46 6 22 22 47 27 17 57 42 26 16 53 
71 62
67 31 16 6 20 67 50 3 70 66 56 67 26 42 25 18 43 18 10 37 71 60 52 66 67 2 22 57 21 22 7 16 6 35 50 40 37 66 26 36 58 5 24 59 38 2 6 8 47 35 4 30 5 43 15 60 50 4 9 25 34 9 
48 26
25 9 29 13 19 4 15 48 3 45 23 21 41 28 30 18 15 37 29 29 28 19 45 43 4 42 
28 84
7 7 22 10 8 10 22 1 22 25 26 10 23 19 17 16 2 2 18 13 24 4 27 18 28 16 28 18 20 1 20 12 1 16 12 5 16 1 5 16 20 3 20 4 19 9 5 10 17 17 23 26 15 18 6 23 15 8 6 27 8 6 26 14 4 4 3 12 18 15 28 11 6 1 18 4 12 9 16 9 10 3 8 5 
